0, id "0";
1, 0.000 speed 0.1677289500167729;
2, 0.0006709158000670916 1 64;
3, 0.039080845353908086 0 64;
4, 0.044783629654478366 1 66;
5, 0.1695739684669574 0 66;
6, 0.1695739684669574 1 66;
7, 0.2938611204293861 0 66;
8, 0.2940288493794029 1 66;
9, 0.41865145924186514 0 66;
10, 0.41865145924186514 1 66;
11, 0.5474672928547467 0 66;
12, 0.5476350218047635 1 66;
13, 0.666890305266689 0 66;
14, 0.6724253606172426 1 67;
15, 0.7911774572291177 0 67;
16, 0.7967125125796712 1 69;
17, 0.91580006709158 0 69;
18, 0.9213351224421336 1 71;
19, 1.000 0 71;
