0, id "0";
1, 0.000 speed 0.0625;
2, 0.000 1 65;
3, 0.0078125 0 65;
4, 0.0078125 1 67;
5, 0.015625 0 67;
6, 0.015625 1 71;
7, 0.0234375 0 71;
8, 0.0234375 1 67;
9, 0.03125 0 67;
10, 0.03125 1 71;
11, 0.0390625 0 71;
12, 0.0390625 1 67;
13, 0.046875 0 67;
14, 0.046875 1 71;
15, 0.0546875 0 71;
16, 0.0546875 1 67;
17, 0.0625 0 67;
18, 0.0625 1 71;
19, 0.0703125 0 71;
20, 0.0703125 1 67;
21, 0.078125 0 67;
22, 0.1875 1 70;
23, 0.21875 0 70;
24, 0.21875 1 79;
25, 0.3125 0 79;
26, 0.3125 1 81;
27, 0.328125 0 81;
28, 0.328125 1 79;
29, 0.359375 0 79;
30, 0.359375 1 83;
31, 0.375 0 83;
32, 0.375 1 81;
33, 0.421875 0 81;
34, 0.421875 1 79;
35, 0.4375 0 79;
36, 0.4375 1 76;
37, 0.53125 0 76;
38, 0.53125 1 79;
39, 0.546875 0 79;
40, 0.546875 1 78;
41, 0.65625 0 78;
42, 0.734375 1 76;
43, 0.8125 0 76;
44, 0.8125 1 77;
45, 1.000 0 77;
