0 192 0;
0 193 0;
0 194 0;
0 195 0;
0 196 0;
0 197 0;
0 198 0;
0 199 0;
0 200 0;
0 201 0;
0 202 0;
0 203 0;
0 204 0;
0 205 0;
0 206 0;
0 207 0;
0 192 0;
0 193 0;
0 194 0;
0 195 0;
0 196 0;
0 197 0;
0 198 0;
0 199 0;
0 200 0;
0 201 0;
0 202 0;
0 203 0;
0 204 0;
0 205 0;
0 206 0;
0 207 0;
0 192 0;
0 193 0;
0 194 0;
0 195 0;
0 196 0;
0 197 0;
0 198 0;
0 199 0;
0 200 0;
0 201 0;
0 202 0;
0 203 0;
0 204 0;
0 205 0;
0 206 0;
0 207 0;
0 192 0;
0 193 0;
0 194 0;
0 195 0;
0 196 0;
0 197 0;
0 198 0;
0 199 0;
0 200 0;
0 201 0;
0 202 0;
0 203 0;
0 204 0;
0 205 0;
0 206 0;
0 207 0;
0 192 0;
0 193 0;
0 194 0;
0 195 0;
0 196 0;
0 197 0;
0 198 0;
0 199 0;
0 200 0;
0 201 0;
0 202 0;
0 203 0;
0 204 0;
0 205 0;
0 206 0;
0 207 0;
0 192 0;
0 193 0;
0 194 0;
0 195 0;
0 196 0;
0 197 0;
0 198 0;
0 199 0;
0 200 0;
0 201 0;
0 202 0;
0 203 0;
0 204 0;
0 205 0;
0 206 0;
0 207 0;
0 192 0;
0 193 0;
0 194 0;
0 195 0;
0 196 0;
0 197 0;
0 198 0;
0 199 0;
0 200 0;
0 201 0;
0 202 0;
0 203 0;
0 204 0;
0 205 0;
0 206 0;
0 207 0;
0 192 0;
0 193 0;
0 194 0;
0 195 0;
0 196 0;
0 197 0;
0 198 0;
0 199 0;
0 200 0;
0 201 0;
0 202 0;
0 203 0;
0 204 0;
0 205 0;
0 206 0;
0 207 0;
0 176 7 91;
4 176 7 52;
4 144 64 84;
108 176 7 54;
160 176 7 57;
211 176 7 61;
249 176 7 66;
300 176 7 70;
352 176 7 75;
404 176 7 80;
456 176 7 84;
507 176 7 87;
559 176 7 89;
617 176 7 90;
668 176 7 89;
770 176 7 88;
822 176 7 87;
873 176 7 86;
924 176 7 84;
976 176 7 83;
1027 176 7 81;
1078 176 7 79;
1129 176 7 78;
1181 176 7 76;
1232 176 7 74;
1283 176 7 73;
1334 176 7 72;
1386 176 7 71;
1479 128 64 0;
1512 144 67 79;
1598 176 7 72;
1648 176 7 74;
1699 176 7 76;
1749 176 7 79;
1799 176 7 82;
1850 176 7 84;
1900 176 7 86;
1950 176 7 87;
2008 176 7 88;
2059 176 7 87;
2162 176 7 86;
2264 176 7 85;
2315 176 7 84;
2367 176 7 82;
2418 176 7 81;
2469 176 7 80;
2520 176 7 78;
2572 176 7 77;
2623 176 7 76;
2674 176 7 75;
2726 176 7 73;
2777 176 7 72;
2879 176 7 71;
2975 128 67 0;
3008 144 72 79;
3103 176 7 72;
3158 176 7 74;
3212 176 7 77;
3267 176 7 79;
3322 176 7 82;
3376 176 7 84;
3431 176 7 86;
3486 176 7 87;
3546 176 7 88;
3598 176 7 87;
3649 176 7 86;
3701 176 7 85;
3753 176 7 83;
3805 176 7 81;
3856 176 7 78;
3908 176 7 76;
3960 176 7 73;
4012 176 7 70;
4063 176 7 67;
4115 176 7 64;
4167 176 7 62;
4219 176 7 59;
4270 176 7 57;
4322 176 7 55;
4374 176 7 54;
4426 176 7 53;
4466 128 72 0;
