0 192 0;
0 193 0;
0 194 0;
0 195 0;
0 196 0;
0 197 0;
0 198 0;
0 199 0;
0 200 0;
0 201 0;
0 202 0;
0 203 0;
0 204 0;
0 205 0;
0 206 0;
0 207 0;
0 192 0;
0 193 0;
0 194 0;
0 195 0;
0 196 0;
0 197 0;
0 198 0;
0 199 0;
0 200 0;
0 201 0;
0 202 0;
0 203 0;
0 204 0;
0 205 0;
0 206 0;
0 207 0;
0 192 0;
0 193 0;
0 194 0;
0 195 0;
0 196 0;
0 197 0;
0 198 0;
0 199 0;
0 200 0;
0 201 0;
0 202 0;
0 203 0;
0 204 0;
0 205 0;
0 206 0;
0 207 0;
0 192 0;
0 193 0;
0 194 0;
0 195 0;
0 196 0;
0 197 0;
0 198 0;
0 199 0;
0 200 0;
0 201 0;
0 202 0;
0 203 0;
0 204 0;
0 205 0;
0 206 0;
0 207 0;
0 192 0;
0 193 0;
0 194 0;
0 195 0;
0 196 0;
0 197 0;
0 198 0;
0 199 0;
0 200 0;
0 201 0;
0 202 0;
0 203 0;
0 204 0;
0 205 0;
0 206 0;
0 207 0;
0 192 0;
0 193 0;
0 194 0;
0 195 0;
0 196 0;
0 197 0;
0 198 0;
0 199 0;
0 200 0;
0 201 0;
0 202 0;
0 203 0;
0 204 0;
0 205 0;
0 206 0;
0 207 0;
0 192 0;
0 193 0;
0 194 0;
0 195 0;
0 196 0;
0 197 0;
0 198 0;
0 199 0;
0 200 0;
0 201 0;
0 202 0;
0 203 0;
0 204 0;
0 205 0;
0 206 0;
0 207 0;
0 192 0;
0 193 0;
0 194 0;
0 195 0;
0 196 0;
0 197 0;
0 198 0;
0 199 0;
0 200 0;
0 201 0;
0 202 0;
0 203 0;
0 204 0;
0 205 0;
0 206 0;
0 207 0;
0 176 7 91;
4 176 7 51;
4 144 72 81;
56 176 7 52;
107 176 7 54;
158 176 7 56;
209 176 7 58;
246 176 7 60;
297 176 7 62;
349 176 7 64;
400 176 7 66;
451 176 7 68;
502 176 7 70;
554 176 7 72;
605 176 7 74;
656 176 7 76;
708 176 7 78;
759 176 7 80;
810 176 7 82;
861 176 7 84;
913 176 7 86;
964 176 7 88;
1015 176 7 90;
1065 176 7 89;
1216 176 7 88;
1317 176 7 87;
1417 176 7 86;
1468 176 7 85;
1518 176 7 84;
1568 176 7 83;
1619 176 7 82;
1669 176 7 80;
1719 176 7 79;
1770 176 7 78;
1820 176 7 77;
1870 176 7 75;
1920 176 7 74;
1971 176 7 73;
2021 176 7 71;
2071 176 7 70;
2122 176 7 69;
2172 176 7 67;
2222 176 7 66;
2272 176 7 65;
2323 176 7 64;
2373 176 7 62;
2423 176 7 61;
2474 176 7 60;
2524 176 7 59;
2574 176 7 58;
2675 176 7 57;
2725 176 7 56;
2826 176 7 55;
2966 128 72 0;
