0 144 65 100;
125 128 65 64;
125 144 67 100;
250 128 67 64;
250 144 71 100;
375 144 67 100;
375 128 71 64;
500 128 67 64;
500 144 71 100;
625 144 67 100;
625 128 71 64;
750 128 67 64;
750 144 71 100;
875 144 67 100;
875 128 71 64;
1000 128 67 64;
1000 144 71 100;
1125 144 67 100;
1125 128 71 64;
1250 128 67 64;
3000 144 70 100;
3500 128 70 64;
3500 144 79 100;
5000 128 79 64;
5000 144 81 100;
5250 144 79 100;
5250 128 81 64;
5750 128 79 64;
5750 144 83 100;
6000 144 81 100;
6000 128 83 64;
6750 144 79 100;
6750 128 81 64;
7000 144 76 100;
7000 128 79 64;
8500 128 76 64;
8500 144 79 100;
8750 144 78 100;
8750 128 79 64;
10500 128 78 64;
11750 144 76 100;
13000 128 76 64;
13000 144 77 100;
16000 128 77 64;
