0 192 0;
0 193 0;
0 194 71;
0 195 73;
0 196 16;
0 197 26;
0 198 66;
0 199 48;
0 200 57;
0 201 0;
0 202 70;
0 203 60;
0 204 68;
0 205 52;
0 206 40;
0 207 56;
0 192 0;
0 193 0;
0 194 0;
0 195 0;
0 196 0;
0 197 0;
0 198 0;
0 199 0;
0 200 0;
0 201 0;
0 202 0;
0 203 0;
0 204 0;
0 205 0;
0 206 0;
0 207 0;
0 192 0;
0 193 0;
0 194 0;
0 195 0;
0 196 0;
0 197 0;
0 198 0;
0 199 0;
0 200 0;
0 201 0;
0 202 0;
0 203 0;
0 204 0;
0 205 0;
0 206 0;
0 207 0;
0 192 0;
0 193 0;
0 194 0;
0 195 0;
0 196 0;
0 197 0;
0 198 0;
0 199 0;
0 200 0;
0 201 0;
0 202 0;
0 203 0;
0 204 0;
0 205 0;
0 206 0;
0 207 0;
0 192 0;
0 193 0;
0 194 0;
0 195 0;
0 196 0;
0 197 0;
0 198 0;
0 199 0;
0 200 0;
0 201 0;
0 202 0;
0 203 0;
0 204 0;
0 205 0;
0 206 0;
0 207 0;
0 192 0;
0 193 0;
0 194 0;
0 195 0;
0 196 0;
0 197 0;
0 198 0;
0 199 0;
0 200 0;
0 201 0;
0 202 0;
0 203 0;
0 204 0;
0 205 0;
0 206 0;
0 207 0;
0 192 0;
0 193 0;
0 194 0;
0 195 0;
0 196 0;
0 197 0;
0 198 0;
0 199 0;
0 200 0;
0 201 0;
0 202 0;
0 203 0;
0 204 0;
0 205 0;
0 206 0;
0 207 0;
0 192 0;
0 193 0;
0 194 0;
0 195 0;
0 196 0;
0 197 0;
0 198 0;
0 199 0;
0 200 0;
0 201 0;
0 202 0;
0 203 0;
0 204 0;
0 205 0;
0 206 0;
0 207 0;
0 176 7 110;
1 176 100 0;
1 176 101 0;
1 176 6 12;
2 176 38 0;
4 176 7 71;
4 144 72 81;
58 176 7 74;
112 176 7 77;
166 176 7 80;
219 176 7 83;
258 176 7 86;
312 176 7 89;
366 176 7 92;
419 176 7 95;
473 176 7 98;
527 176 7 101;
580 176 7 104;
634 176 7 107;
688 176 7 110;
740 176 7 109;
893 176 7 108;
994 176 7 107;
1045 176 7 106;
1096 176 7 105;
1146 176 7 104;
1197 176 7 103;
1248 176 7 102;
1299 176 7 101;
1349 176 7 100;
1400 176 7 98;
1451 176 7 97;
1501 176 7 96;
1552 176 7 95;
1603 176 7 94;
1654 176 7 93;
1704 176 7 92;
1755 176 7 91;
1857 176 7 90;
1998 128 72 0;
2032 144 71 76;
2172 176 7 92;
2224 176 7 93;
2276 176 7 95;
2328 176 7 97;
2379 176 7 98;
2431 176 7 100;
2483 176 7 102;
2534 176 7 104;
2586 176 7 106;
2638 176 7 107;
2690 176 7 108;
2741 176 7 109;
2803 176 7 110;
2854 176 7 109;
3006 176 7 108;
3057 176 7 107;
3107 176 7 106;
3158 176 7 105;
3209 176 7 104;
3260 176 7 103;
3310 176 7 102;
3361 176 7 101;
3412 176 7 100;
3463 176 7 98;
3513 176 7 97;
3564 176 7 96;
3615 176 7 95;
3665 176 7 94;
3716 176 7 93;
3767 176 7 92;
3818 176 7 91;
3868 176 7 90;
4012 128 71 0;
4045 144 69 76;
4190 176 7 92;
4243 176 7 93;
4297 176 7 95;
4350 176 7 97;
4403 176 7 98;
4456 176 7 100;
4509 176 7 102;
4563 176 7 104;
4616 176 7 106;
4669 176 7 107;
4722 176 7 108;
4775 176 7 109;
4838 176 7 110;
4891 176 7 109;
5047 176 7 108;
5099 176 7 107;
5152 176 7 106;
5204 176 7 105;
5256 176 7 104;
5308 176 7 103;
5361 176 7 101;
5413 176 7 100;
5465 176 7 99;
5517 176 7 98;
5569 176 7 96;
5622 176 7 95;
5674 176 7 94;
5726 176 7 93;
5778 176 7 92;
5830 176 7 91;
5883 176 7 90;
6025 128 69 0;
6059 144 72 76;
6095 176 7 89;
6251 176 7 88;
6354 176 7 87;
6406 176 7 86;
6458 176 7 85;
6509 176 7 84;
6561 176 7 83;
6613 176 7 82;
6664 176 7 81;
6716 176 7 80;
6768 176 7 78;
6820 176 7 77;
6871 176 7 75;
6923 176 7 74;
6975 176 7 73;
7027 176 7 71;
7078 176 7 70;
7130 176 7 68;
7182 176 7 67;
7233 176 7 65;
7285 176 7 64;
7337 176 7 63;
7389 176 7 61;
7440 176 7 60;
7492 176 7 59;
7544 176 7 58;
7595 176 7 57;
7647 176 7 56;
7699 176 7 55;
7751 176 7 54;
7802 176 7 53;
7906 176 7 52;
8037 128 72 0;
8181 176 7 110;
