0 192 0;
0 193 0;
0 194 71;
0 195 73;
0 196 16;
0 197 26;
0 198 66;
0 199 48;
0 200 57;
0 201 0;
0 202 70;
0 203 60;
0 204 68;
0 205 52;
0 206 40;
0 207 56;
0 192 0;
0 193 0;
0 194 0;
0 195 0;
0 196 0;
0 197 0;
0 198 0;
0 199 0;
0 200 0;
0 201 0;
0 202 0;
0 203 0;
0 204 0;
0 205 0;
0 206 0;
0 207 0;
0 192 0;
0 193 0;
0 194 0;
0 195 0;
0 196 0;
0 197 0;
0 198 0;
0 199 0;
0 200 0;
0 201 0;
0 202 0;
0 203 0;
0 204 0;
0 205 0;
0 206 0;
0 207 0;
0 192 0;
0 193 0;
0 194 0;
0 195 0;
0 196 0;
0 197 0;
0 198 0;
0 199 0;
0 200 0;
0 201 0;
0 202 0;
0 203 0;
0 204 0;
0 205 0;
0 206 0;
0 207 0;
0 192 0;
0 193 0;
0 194 0;
0 195 0;
0 196 0;
0 197 0;
0 198 0;
0 199 0;
0 200 0;
0 201 0;
0 202 0;
0 203 0;
0 204 0;
0 205 0;
0 206 0;
0 207 0;
0 192 0;
0 193 0;
0 194 0;
0 195 0;
0 196 0;
0 197 0;
0 198 0;
0 199 0;
0 200 0;
0 201 0;
0 202 0;
0 203 0;
0 204 0;
0 205 0;
0 206 0;
0 207 0;
0 192 0;
0 193 0;
0 194 0;
0 195 0;
0 196 0;
0 197 0;
0 198 0;
0 199 0;
0 200 0;
0 201 0;
0 202 0;
0 203 0;
0 204 0;
0 205 0;
0 206 0;
0 207 0;
0 192 0;
0 193 0;
0 194 0;
0 195 0;
0 196 0;
0 197 0;
0 198 0;
0 199 0;
0 200 0;
0 201 0;
0 202 0;
0 203 0;
0 204 0;
0 205 0;
0 206 0;
0 207 0;
0 176 7 110;
1 176 100 0;
1 176 101 0;
1 176 6 12;
2 176 38 0;
4 144 77 69;
118 128 77 0;
146 144 76 64;
239 128 76 0;
267 144 77 64;
361 128 77 0;
389 144 76 64;
516 128 76 0;
517 144 76 65;
767 128 76 0;
767 144 76 64;
1017 128 76 0;
1017 144 76 67;
1231 128 76 0;
1264 144 77 64;
1357 128 77 0;
1385 144 76 64;
1485 128 76 0;
