0, id "0";
1, 0.000 speed 0.6666666666666666;
2, 0.000 1 64;
3, 0.08333333333333333 0 64;
4, 0.08333333333333333 1 66;
5, 0.16666666666666666 0 66;
6, 0.16666666666666666 1 64;
7, 0.25 0 64;
8, 0.25 1 66;
9, 0.3333333333333333 0 66;
10, 0.3333333333333333 1 55;
11, 0.5833333333333334 0 55;
12, 0.5833333333333334 1 64;
13, 0.6666666666666666 0 64;
14, 0.6666666666666666 1 66;
15, 0.75 0 66;
16, 0.75 1 64;
17, 0.8333333333333334 0 64;
18, 0.8333333333333334 1 66;
19, 0.9166666666666666 0 66;
20, 0.9166666666666666 1 64;
21, 1.000 0 64;
