0 192 0;
0 193 32;
0 194 71;
0 195 73;
0 196 16;
0 197 26;
0 198 66;
0 199 48;
0 200 57;
0 201 0;
0 202 70;
0 203 60;
0 204 68;
0 205 52;
0 206 40;
0 207 56;
0 192 0;
0 193 0;
0 194 0;
0 195 0;
0 196 0;
0 197 0;
0 198 0;
0 199 0;
0 200 0;
0 201 0;
0 202 0;
0 203 0;
0 204 0;
0 205 0;
0 206 0;
0 207 0;
0 192 0;
0 193 0;
0 194 0;
0 195 0;
0 196 0;
0 197 0;
0 198 0;
0 199 0;
0 200 0;
0 201 0;
0 202 0;
0 203 0;
0 204 0;
0 205 0;
0 206 0;
0 207 0;
0 192 0;
0 193 0;
0 194 0;
0 195 0;
0 196 0;
0 197 0;
0 198 0;
0 199 0;
0 200 0;
0 201 0;
0 202 0;
0 203 0;
0 204 0;
0 205 0;
0 206 0;
0 207 0;
0 192 0;
0 193 0;
0 194 0;
0 195 0;
0 196 0;
0 197 0;
0 198 0;
0 199 0;
0 200 0;
0 201 0;
0 202 0;
0 203 0;
0 204 0;
0 205 0;
0 206 0;
0 207 0;
0 192 0;
0 193 0;
0 194 0;
0 195 0;
0 196 0;
0 197 0;
0 198 0;
0 199 0;
0 200 0;
0 201 0;
0 202 0;
0 203 0;
0 204 0;
0 205 0;
0 206 0;
0 207 0;
0 192 0;
0 193 0;
0 194 0;
0 195 0;
0 196 0;
0 197 0;
0 198 0;
0 199 0;
0 200 0;
0 201 0;
0 202 0;
0 203 0;
0 204 0;
0 205 0;
0 206 0;
0 207 0;
0 192 0;
0 193 0;
0 194 0;
0 195 0;
0 196 0;
0 197 0;
0 198 0;
0 199 0;
0 200 0;
0 201 0;
0 202 0;
0 203 0;
0 204 0;
0 205 0;
0 206 0;
0 207 0;
0 176 7 110;
1 176 100 0;
1 176 101 0;
1 176 6 12;
2 176 38 0;
4 176 7 92;
4 144 65 80;
118 128 65 0;
145 144 67 75;
241 128 67 0;
269 144 65 75;
363 128 65 0;
391 144 67 75;
486 128 67 0;
514 144 71 75;
609 128 71 0;
637 144 65 75;
725 176 7 93;
776 176 7 94;
827 176 7 96;
878 176 7 97;
930 176 7 99;
981 176 7 101;
1032 176 7 103;
1083 176 7 105;
1135 176 7 107;
1186 176 7 108;
1237 176 7 109;
1299 176 7 110;
1351 176 7 109;
1455 176 7 108;
1506 176 7 107;
1558 176 7 106;
1610 176 7 105;
1662 176 7 103;
1713 176 7 102;
1765 176 7 101;
1817 176 7 99;
1869 176 7 98;
1920 176 7 96;
1972 176 7 95;
2024 176 7 94;
2076 176 7 93;
2127 176 7 92;
2222 128 65 0;
2255 144 67 75;
2965 128 67 0;
