0 192 0;
0 193 0;
0 194 71;
0 195 73;
0 196 16;
0 197 26;
0 198 66;
0 199 48;
0 200 57;
0 201 0;
0 202 70;
0 203 60;
0 204 68;
0 205 52;
0 206 40;
0 207 56;
0 192 0;
0 193 0;
0 194 0;
0 195 0;
0 196 0;
0 197 0;
0 198 0;
0 199 0;
0 200 0;
0 201 0;
0 202 0;
0 203 0;
0 204 0;
0 205 0;
0 206 0;
0 207 0;
0 192 0;
0 193 0;
0 194 0;
0 195 0;
0 196 0;
0 197 0;
0 198 0;
0 199 0;
0 200 0;
0 201 0;
0 202 0;
0 203 0;
0 204 0;
0 205 0;
0 206 0;
0 207 0;
0 192 0;
0 193 0;
0 194 0;
0 195 0;
0 196 0;
0 197 0;
0 198 0;
0 199 0;
0 200 0;
0 201 0;
0 202 0;
0 203 0;
0 204 0;
0 205 0;
0 206 0;
0 207 0;
0 192 0;
0 193 0;
0 194 0;
0 195 0;
0 196 0;
0 197 0;
0 198 0;
0 199 0;
0 200 0;
0 201 0;
0 202 0;
0 203 0;
0 204 0;
0 205 0;
0 206 0;
0 207 0;
0 192 0;
0 193 0;
0 194 0;
0 195 0;
0 196 0;
0 197 0;
0 198 0;
0 199 0;
0 200 0;
0 201 0;
0 202 0;
0 203 0;
0 204 0;
0 205 0;
0 206 0;
0 207 0;
0 192 0;
0 193 0;
0 194 0;
0 195 0;
0 196 0;
0 197 0;
0 198 0;
0 199 0;
0 200 0;
0 201 0;
0 202 0;
0 203 0;
0 204 0;
0 205 0;
0 206 0;
0 207 0;
0 192 0;
0 193 0;
0 194 0;
0 195 0;
0 196 0;
0 197 0;
0 198 0;
0 199 0;
0 200 0;
0 201 0;
0 202 0;
0 203 0;
0 204 0;
0 205 0;
0 206 0;
0 207 0;
0 176 7 110;
1 176 100 0;
1 176 101 0;
1 176 6 12;
2 176 38 0;
4 144 67 69;
114 128 67 0;
142 144 74 64;
238 128 74 0;
266 144 76 64;
361 128 76 0;
389 144 74 64;
484 128 74 0;
756 144 67 64;
968 128 67 0;
1248 144 67 64;
1466 128 67 0;
1764 144 67 64;
2006 128 67 0;
2006 144 67 64;
2099 128 67 0;
2127 144 74 64;
2221 128 74 0;
2249 144 76 64;
2344 128 76 0;
2372 144 74 64;
2472 128 74 0;
