0, id "0";
1, 0.000 speed 0.4045307443365696;
2, 0.0016181229773462784 1 67;
3, 0.04611650485436893 0 67;
4, 0.05744336569579288 1 74;
5, 0.09627831715210355 0 74;
6, 0.1076051779935275 1 76;
7, 0.14603559870550162 0 76;
8, 0.15736245954692557 1 74;
9, 0.19579288025889968 0 74;
10, 0.3058252427184466 1 67;
11, 0.39158576051779936 0 67;
12, 0.5048543689320388 1 67;
13, 0.593042071197411 0 67;
14, 0.7135922330097088 1 67;
15, 0.8114886731391586 0 67;
16, 0.8114886731391586 1 67;
17, 0.8491100323624595 0 67;
18, 0.8604368932038835 1 74;
19, 0.8984627831715211 0 74;
20, 0.9097896440129449 1 76;
21, 0.948220064724919 0 76;
22, 0.959546925566343 1 74;
23, 1.000 0 74;
