0 192 0;
0 193 0;
0 194 71;
0 195 73;
0 196 16;
0 197 26;
0 198 66;
0 199 48;
0 200 57;
0 201 0;
0 202 70;
0 203 60;
0 204 68;
0 205 52;
0 206 40;
0 207 56;
0 192 0;
0 193 0;
0 194 0;
0 195 0;
0 196 0;
0 197 0;
0 198 0;
0 199 0;
0 200 0;
0 201 0;
0 202 0;
0 203 0;
0 204 0;
0 205 0;
0 206 0;
0 207 0;
0 192 0;
0 193 0;
0 194 0;
0 195 0;
0 196 0;
0 197 0;
0 198 0;
0 199 0;
0 200 0;
0 201 0;
0 202 0;
0 203 0;
0 204 0;
0 205 0;
0 206 0;
0 207 0;
0 192 0;
0 193 0;
0 194 0;
0 195 0;
0 196 0;
0 197 0;
0 198 0;
0 199 0;
0 200 0;
0 201 0;
0 202 0;
0 203 0;
0 204 0;
0 205 0;
0 206 0;
0 207 0;
0 192 0;
0 193 0;
0 194 0;
0 195 0;
0 196 0;
0 197 0;
0 198 0;
0 199 0;
0 200 0;
0 201 0;
0 202 0;
0 203 0;
0 204 0;
0 205 0;
0 206 0;
0 207 0;
0 192 0;
0 193 0;
0 194 0;
0 195 0;
0 196 0;
0 197 0;
0 198 0;
0 199 0;
0 200 0;
0 201 0;
0 202 0;
0 203 0;
0 204 0;
0 205 0;
0 206 0;
0 207 0;
0 192 0;
0 193 0;
0 194 0;
0 195 0;
0 196 0;
0 197 0;
0 198 0;
0 199 0;
0 200 0;
0 201 0;
0 202 0;
0 203 0;
0 204 0;
0 205 0;
0 206 0;
0 207 0;
0 192 0;
0 193 0;
0 194 0;
0 195 0;
0 196 0;
0 197 0;
0 198 0;
0 199 0;
0 200 0;
0 201 0;
0 202 0;
0 203 0;
0 204 0;
0 205 0;
0 206 0;
0 207 0;
0 176 7 110;
1 176 100 0;
1 176 101 0;
1 176 6 12;
2 176 38 0;
4 176 7 69;
4 144 67 83;
55 176 7 70;
105 176 7 72;
155 176 7 74;
206 176 7 75;
241 176 7 77;
291 176 7 79;
342 176 7 80;
392 176 7 82;
442 176 7 84;
493 176 7 85;
543 176 7 87;
593 176 7 89;
644 176 7 90;
694 176 7 92;
744 176 7 94;
794 176 7 95;
845 176 7 97;
895 176 7 99;
945 176 7 100;
996 176 7 102;
1046 176 7 104;
1096 176 7 105;
1146 176 7 107;
1197 176 7 109;
1248 176 7 108;
1451 176 7 107;
1552 176 7 106;
1654 176 7 105;
1705 176 7 104;
1806 176 7 103;
1857 176 7 102;
1908 176 7 101;
1958 176 7 100;
2009 176 7 99;
2060 176 7 98;
2162 176 7 97;
2212 176 7 96;
2263 176 7 95;
2314 176 7 94;
2365 176 7 93;
2416 176 7 92;
2517 176 7 91;
2568 176 7 90;
2669 176 7 89;
2771 176 7 88;
2997 128 67 0;
2997 144 67 78;
3138 176 7 89;
3189 176 7 90;
3241 176 7 92;
3293 176 7 93;
3345 176 7 95;
3396 176 7 96;
3448 176 7 98;
3500 176 7 100;
3552 176 7 101;
3604 176 7 103;
3655 176 7 104;
3707 176 7 105;
3822 176 7 106;
3873 176 7 105;
4025 176 7 104;
4076 176 7 103;
4126 176 7 102;
4177 176 7 101;
4228 176 7 100;
4279 176 7 99;
4330 176 7 98;
4380 176 7 97;
4431 176 7 96;
4482 176 7 95;
4533 176 7 94;
4583 176 7 92;
4634 176 7 91;
4685 176 7 90;
4787 176 7 89;
4837 176 7 88;
4976 128 67 0;
5009 144 65 78;
5045 176 7 87;
5248 176 7 86;
5350 176 7 85;
5451 176 7 84;
5553 176 7 83;
5604 176 7 82;
5654 176 7 81;
5705 176 7 80;
5756 176 7 79;
5807 176 7 78;
5857 176 7 77;
5908 176 7 76;
5959 176 7 75;
6010 176 7 74;
6061 176 7 73;
6111 176 7 72;
6162 176 7 71;
6213 176 7 70;
6264 176 7 68;
6314 176 7 67;
6365 176 7 66;
6416 176 7 65;
6467 176 7 64;
6518 176 7 63;
6568 176 7 62;
6619 176 7 61;
6670 176 7 60;
6721 176 7 59;
6771 176 7 58;
6822 176 7 57;
6873 176 7 56;
6924 176 7 55;
6975 176 7 54;
7076 176 7 53;
7178 176 7 52;
7279 176 7 51;
7466 128 65 0;
