01
76 72 76 72 76 72
0.9 0.1 0.9 0.1 0.9 0.1
02
76 77 76 72
0.5 0.5 0.9 0.1
03
0 76 77 76
0.5 0.5 0.5 0.5
04
0 76 77 79
0.5 0.5 0.5 0.5
05
76 77 79 0
0.5 0.5 0.5 0.5
06
84
8.0
07
0 72 72 72 0
3.500000 0.250000 0.250000 0.500000 4.500000
08
79 77
6.0 8.0
09
83 79 0
0.250000 0.250000 3.500000
10
83 79
0.250000 0.250000
11
65 67 71 67 71 67
0.250000 0.250000 0.250000 0.250000 0.250000 0.250000
12
65 67 71 72
0.500000 0.500000 4.000000 1.000000
13
71 67 67 65 67 0 67
0.250000 0.750000 0.250000 0.250000 0.500000 0.750000 3.250000
14
72 71 67 66
4.000000 4.000000 4.000000 4.000000
15
67 0
0.250000 3.750000
16
67 71 72 71
0.250000 0.250000 0.250000 0.250000
17
71 72 71 72 71 0
0.250000 0.250000 0.250000 0.250000 0.250000 0.250000
18
64 66 64 66 64 64
0.250000 0.250000 0.250000 0.250000 0.750000 0.250000
19
0 79
1.500000 1.500000
20
64 66 64 66 55 64 66 64 66 64
0.250000 0.250000 0.250000 0.250000 0.750000 0.250000 0.250000 0.250000 0.250000 0.250000
21
0 66
0.008000 2.924000
22
0 64 0 64 64 0 64 64 0 66 0 67 0 69 0 71
0.008000 1.518000 0.002000 1.482000 1.484000 0.002000 1.500000 1.462000 0.068000 1.416000 0.066000 1.418000 0.066000 1.434000 0.066000 0.434000
23
0 64 0 66 66 0 66 66 0 66 0 67 0 69 0 71
0.008000 0.458000 0.068000 1.488000 1.482000 0.002000 1.486000 1.536000 0.002000 1.422000 0.066000 1.416000 0.066000 1.420000 0.066000 0.938000
24
0 64 0 66 0 67 0 67 67 0 67 67 0 69 0 71
0.008000 0.458000 0.068000 0.430000 0.066000 1.480000 0.002000 1.482000 1.536000 0.002000 1.484000 1.414000 0.066000 1.432000 0.066000 0.434000
25
0 64 0 66 0 67 0 69 69 0 69 69 0 69 0 71
0.008000 0.458000 0.068000 0.430000 0.066000 0.428000 0.068000 1.478000 1.486000 0.002000 1.536000 1.480000 0.002000 1.416000 0.066000 1.436000
26
0 64 0 66 0 67 0 69 0 71 0 71 71 0 71 71
0.008000 0.458000 0.068000 0.428000 0.068000 0.428000 0.066000 0.426000 0.066000 1.478000 0.002000 1.534000 1.482000 0.002000 1.478000 1.434000
27
0 64 0 66 0 64 0 66 0 67 0 64 0 67 0 66 0 64 0 66 0 64
0.008000 0.226000 0.056000 0.184000 0.056000 0.186000 0.056000 0.196000 0.056000 0.432000 0.066000 0.188000 0.056000 0.194000 0.056000 0.194000 0.056000 0.184000 0.056000 0.184000 0.056000 0.198000
28
64 66 64 66 64 64
0.250000 0.250000 0.250000 0.250000 0.750000 0.250000
29
0 64 0 67 0 72
0.008000 2.950000 0.066000 2.926000 0.066000 2.916000
30
0 72
0.008000 5.924000
31
0 67 0 65 0 67 0 71 0 67 0 71
0.008000 0.218000 0.056000 0.186000 0.056000 0.184000 0.054000 0.184000 0.056000 0.188000 0.056000 0.198000
32
0 65 0 67 0 65 0 67 0 71 0 65 0 67
0.008000 0.228000 0.054000 0.192000 0.056000 0.188000 0.056000 0.190000 0.056000 0.190000 0.056000 3.170000 0.066000 1.420000
33
67 65 0
0.250000 0.250000 0.250000
34
67 65
0.250000 0.250000
35
65 67 71 67 71 67 71 67 71 67 0 70 79 81 79 83 81 79 76 79 78 0 76 77
0.250000 0.250000 0.250000 0.250000 0.250000 0.250000 0.250000 0.250000 0.250000 0.250000 3.500000 1.000000 3.000000 0.500000 1.000000 0.500000 1.500000 0.500000 3.000000 0.500000 3.500000 2.500000 2.500000 6.000000
36
0 65 0 67 0 71 0 67 0 71 0 67
0.008000 0.218000 0.056000 0.186000 0.056000 0.184000 0.054000 0.184000 0.056000 0.188000 0.056000 0.198000
37
0 65 0 67
0.008000 0.200000 0.054000 0.182000
38
0 65 0 67 0 71
0.008000 0.210000 0.056000 0.172000 0.056000 0.192000
39
0 71 0 67 0 65 0 67 0 71 0 72
0.008000 0.218000 0.056000 0.186000 0.056000 0.184000 0.054000 0.184000 0.056000 0.188000 0.056000 0.198000
40
0 71 0 65
0.008000 0.200000 0.054000 0.182000
41
0 71 0 67
0.008000 0.200000 0.054000 0.182000
42
0 72 0 71 0 69 0 72
0.008000 3.988000 0.068000 3.960000 0.066000 3.960000 0.068000 3.956000
43
0 77 0 76 0 77 0 76 0 76 76 76 0 77 0 76
0.008000 0.228000 0.056000 0.186000 0.056000 0.188000 0.056000 0.254000 0.002000 0.500000 0.500000 0.428000 0.066000 0.186000 0.056000 0.200000
44
0 77 0 76 0 76 0 72
0.008000 0.456000 0.066000 0.990000 0.002000 0.428000 0.066000 0.916000
45
0 74 0 74 0 67
0.008000 1.014000 0.002000 0.926000 0.066000 0.916000
46
0 67 0 74 0 76 0 74 0 67 0 67 0 67 67 0 74 0 76 0 74
0.008000 0.220000 0.056000 0.192000 0.056000 0.190000 0.056000 0.190000 0.544000 0.424000 0.560000 0.436000 0.596000 0.484000 0.186000 0.056000 0.188000 0.056000 0.190000 0.056000 0.200000
47
0 74 0 76 0 74
0.008000 0.214000 0.056000 0.180000 0.054000 0.420000
48
0 67 67 0 65
0.008000 5.986000 3.958000 0.066000 4.914000
49
0 65 0 67 0 70 0 67 0 70 0 67
0.008000 0.218000 0.056000 0.186000 0.056000 0.184000 0.054000 0.184000 0.056000 0.188000 0.056000 0.198000
50
0 65 0 67
0.008000 0.200000 0.054000 0.182000
51
65 67 70
0.250000 0.250000 0.250000
52
67 70
0.250000 0.250000
53
70 67
0.250000 0.250000
