01
76 0.9
72 0.1
76 0.9
72 0.1
76 0.9
72 0.1
02
76 0.5
77 0.5
76 0.9
72 0.1
03
0 0.5
76 0.5
77 0.5
76 0.5
04
0 0.5
76 0.5
77 0.5
79 0.5
05
76 0.5
77 0.5
79 0.5
0 0.5
06
84 8.0
07
0 3.500000
72 0.250000
72 0.250000
72 0.500000
0 4.500000
08
79 6.0
77 8.0
09
83 0.250000
79 0.250000
0 3.500000
10
83 0.250000
79 0.250000
11
65 0.250000
67 0.250000
71 0.250000
67 0.250000
71 0.250000
67 0.250000
12
65 0.500000
67 0.500000
71 4.000000
72 1.000000
13
71 0.250000
67 0.750000
67 0.250000
65 0.250000
67 0.500000
0 0.750000
67 3.250000
14
72 4.000000
71 4.000000
67 4.000000
66 4.000000
15
67 0.250000
0 3.750000
16
67 0.250000
71 0.250000
72 0.250000
71 0.250000
17
71 0.250000
72 0.250000
71 0.250000
72 0.250000
71 0.250000
0 0.250000
18
64 0.250000
66 0.250000
64 0.250000
66 0.250000
64 0.750000
64 0.250000
19
0 1.500000
79 1.500000
20
64 0.250000
66 0.250000
64 0.250000
66 0.250000
55 0.750000
64 0.250000
66 0.250000
64 0.250000
66 0.250000
64 0.250000
21
0 0.008000
66 2.924000
22
0 0.008000
64 1.518000
0 0.002000
64 1.482000
64 1.484000
0 0.002000
64 1.500000
64 1.462000
0 0.068000
66 1.416000
0 0.066000
67 1.418000
0 0.066000
69 1.434000
0 0.066000
71 0.434000
23
0 0.008000
64 0.458000
0 0.068000
66 1.488000
66 1.482000
0 0.002000
66 1.486000
66 1.536000
0 0.002000
66 1.422000
0 0.066000
67 1.416000
0 0.066000
69 1.420000
0 0.066000
71 0.938000
24
0 0.008000
64 0.458000
0 0.068000
66 0.430000
0 0.066000
67 1.480000
0 0.002000
67 1.482000
67 1.536000
0 0.002000
67 1.484000
67 1.414000
0 0.066000
69 1.432000
0 0.066000
71 0.434000
25
0 0.008000
64 0.458000
0 0.068000
66 0.430000
0 0.066000
67 0.428000
0 0.068000
69 1.478000
69 1.486000
0 0.002000
69 1.536000
69 1.480000
0 0.002000
69 1.416000
0 0.066000
71 1.436000
26
0 0.008000
64 0.458000
0 0.068000
66 0.428000
0 0.068000
67 0.428000
0 0.066000
69 0.426000
0 0.066000
71 1.478000
0 0.002000
71 1.534000
71 1.482000
0 0.002000
71 1.478000
71 1.434000
27
0 0.008000
64 0.226000
0 0.056000
66 0.184000
0 0.056000
64 0.186000
0 0.056000
66 0.196000
0 0.056000
67 0.432000
0 0.066000
64 0.188000
0 0.056000
67 0.194000
0 0.056000
66 0.194000
0 0.056000
64 0.184000
0 0.056000
66 0.184000
0 0.056000
64 0.198000
28
64 0.250000
66 0.250000
64 0.250000
66 0.250000
64 0.750000
64 0.250000
29
0 0.008000
64 2.950000
0 0.066000
67 2.926000
0 0.066000
72 2.916000
30
0 0.008000
72 5.924000
31
0 0.008000
67 0.218000
0 0.056000
65 0.186000
0 0.056000
67 0.184000
0 0.054000
71 0.184000
0 0.056000
67 0.188000
0 0.056000
71 0.198000
32
0 0.008000
65 0.228000
0 0.054000
67 0.192000
0 0.056000
65 0.188000
0 0.056000
67 0.190000
0 0.056000
71 0.190000
0 0.056000
65 3.170000
0 0.066000
67 1.420000
33
67 0.250000
65 0.250000
0 0.250000
34
67 0.250000
65 0.250000
35
65 0.250000
67 0.250000
71 0.250000
67 0.250000
71 0.250000
67 0.250000
71 0.250000
67 0.250000
71 0.250000
67 0.250000
0 3.500000
70 1.000000
79 3.000000
81 0.500000
79 1.000000
83 0.500000
81 1.500000
79 0.500000
76 3.000000
79 0.500000
78 3.500000
0 2.500000
76 2.500000
77 6.000000
36
0 0.008000
65 0.218000
0 0.056000
67 0.186000
0 0.056000
71 0.184000
0 0.054000
67 0.184000
0 0.056000
71 0.188000
0 0.056000
67 0.198000
37
0 0.008000
65 0.200000
0 0.054000
67 0.182000
38
0 0.008000
65 0.210000
0 0.056000
67 0.172000
0 0.056000
71 0.192000
39
0 0.008000
71 0.218000
0 0.056000
67 0.186000
0 0.056000
65 0.184000
0 0.054000
67 0.184000
0 0.056000
71 0.188000
0 0.056000
72 0.198000
40
0 0.008000
71 0.200000
0 0.054000
65 0.182000
41
0 0.008000
71 0.200000
0 0.054000
67 0.182000
42
0 0.008000
72 3.988000
0 0.068000
71 3.960000
0 0.066000
69 3.960000
0 0.068000
72 3.956000
43
0 0.008000
77 0.228000
0 0.056000
76 0.186000
0 0.056000
77 0.188000
0 0.056000
76 0.254000
0 0.002000
76 0.500000
76 0.500000
76 0.428000
0 0.066000
77 0.186000
0 0.056000
76 0.200000
44
0 0.008000
77 0.456000
0 0.066000
76 0.990000
0 0.002000
76 0.428000
0 0.066000
72 0.916000
45
0 0.008000
74 1.014000
0 0.002000
74 0.926000
0 0.066000
67 0.916000
46
0 0.008000
67 0.220000
0 0.056000
74 0.192000
0 0.056000
76 0.190000
0 0.056000
74 0.190000
0 0.544000
67 0.424000
0 0.560000
67 0.436000
0 0.596000
67 0.484000
67 0.186000
0 0.056000
74 0.188000
0 0.056000
76 0.190000
0 0.056000
74 0.200000
47
0 0.008000
74 0.214000
0 0.056000
76 0.180000
0 0.054000
74 0.420000
48
0 0.008000
67 5.986000
67 3.958000
0 0.066000
65 4.914000
49
0 0.008000
65 0.218000
0 0.056000
67 0.186000
0 0.056000
70 0.184000
0 0.054000
67 0.184000
0 0.056000
70 0.188000
0 0.056000
67 0.198000
50
0 0.008000
65 0.200000
0 0.054000
67 0.182000
51
65 0.250000
67 0.250000
70 0.250000
52
67 0.250000
70 0.250000
53
70 0.250000
67 0.250000
