0, id "0";
1, 0.0 speed 0.25;
2, 0.0 1 79;
3, 0.175 0 79;
4, 0.175 1 0;
5, 0.1875 0 0;
6, 0.1875 1 79;
7, 0.2188 0 79;
8, 0.2188 1 79;
9, 0.25 0 79;
10, 0.25 1 79;
11, 0.3125 0 79;
12, 0.3125 1 79;
13, 0.375 0 79;
14, 0.375 1 79;
15, 0.5 0 79;
16, 0.5 1 0;
17, 0.5625 0 0;
18, 0.5625 1 79;
19, 0.625 0 79;
20, 0.625 1 79;
21, 0.6875 0 79;
22, 0.6875 1 79;
23, 0.75 0 79;
24, 0.75 1 77;
25, 0.8 0 77;
26, 0.8 1 0;
27, 0.8125 0 0;
28, 0.8125 1 77;
29, 0.8438 0 77;
30, 0.8438 1 77;
31, 0.875 0 77;
32, 0.875 1 79;
33, 1.0 0 79;