0, id "0";
1, 0.000 speed 0.16095284081764044;
2, 0.0006438113632705617 1 64;
3, 0.12280701754385964 0 64;
4, 0.12296797038467729 1 64;
5, 0.24223402543054884 0 64;
6, 0.24223402543054884 1 64;
7, 0.36166103331723803 0 64;
8, 0.36182198615805566 1 64;
9, 0.482536616771286 0 64;
10, 0.482536616771286 1 64;
11, 0.6001931434089812 0 64;
12, 0.605665539996781 1 66;
13, 0.7196201512956704 0 66;
14, 0.7249315950426525 1 67;
15, 0.8390471591823596 0 67;
16, 0.8443586029293417 1 69;
17, 0.9597617897955899 0 69;
18, 0.965073233542572 1 71;
19, 1.000 0 71;
