0, id "0";
1, 0.000 speed 0.19179133103183735;
2, 0.0007671653241273494 1 64;
3, 0.044687380130418106 0 64;
4, 0.051208285385500575 1 66;
5, 0.09244342155734561 0 66;
6, 0.09877253548139624 1 67;
7, 0.2406981204449559 0 67;
8, 0.24088991177598773 1 67;
9, 0.3830072880705792 0 67;
10, 0.3830072880705792 1 67;
11, 0.5303030303030303 0 67;
12, 0.5304948216340621 1 67;
13, 0.6728039892596854 0 67;
14, 0.6728039892596854 1 67;
15, 0.8084004602991944 0 67;
16, 0.8147295742232451 1 69;
17, 0.9520521672420407 0 69;
18, 0.9583812811660913 1 71;
19, 1.000 0 71;
