0, id "0";
1, 0.000 speed 0.19179133103183735;
2, 0.0007671653241273494 1 64;
3, 0.044687380130418106 0 64;
4, 0.051208285385500575 1 66;
5, 0.09244342155734561 0 66;
6, 0.09877253548139624 1 67;
7, 0.13981588032220943 0 67;
8, 0.1463367855772919 1 69;
9, 0.2880705792098197 0 69;
10, 0.2880705792098197 1 69;
11, 0.43057153816647487 0 69;
12, 0.43076332949750673 1 69;
13, 0.5780590717299579 0 69;
14, 0.5780590717299579 1 69;
15, 0.7199846566935174 0 69;
16, 0.7201764480245493 1 69;
17, 0.8559647103950901 0 69;
18, 0.8622938243191408 1 71;
19, 1.000 0 71;
