0, id "0";
1, 0.000 speed 0.21217907914279652;
2, 0.000848716316571186 1 64;
3, 0.04943772544027159 0 64;
4, 0.056651814131126674 1 66;
5, 0.10205813706768513 0 66;
6, 0.1092722257585402 1 67;
7, 0.15467854869509867 0 67;
8, 0.16168045830681094 1 69;
9, 0.2068746021642266 0 69;
10, 0.2138765117759389 1 71;
11, 0.3706768512624655 0 71;
12, 0.3708890303416083 1 71;
13, 0.5336303840441332 0 71;
14, 0.5336303840441332 1 71;
15, 0.6908550816889455 0 71;
16, 0.6910672607680882 1 71;
17, 0.8478676002546149 0 71;
18, 0.8478676002546149 1 71;
19, 1.000 0 71;
