0, id "0";
1, 0.000 speed 0.6793478260869565;
2, 0.002717391304347826 1 64;
3, 0.07948369565217392 0 64;
4, 0.09850543478260869 1 66;
5, 0.1610054347826087 0 66;
6, 0.1800271739130435 1 64;
7, 0.24320652173913043 0 64;
8, 0.26222826086956524 1 66;
9, 0.328804347826087 0 66;
10, 0.34782608695652173 1 67;
11, 0.4945652173913043 0 67;
12, 0.516983695652174 1 64;
13, 0.5808423913043478 0 64;
14, 0.5998641304347826 1 67;
15, 0.6657608695652174 0 67;
16, 0.6847826086956522 1 66;
17, 0.7506793478260869 0 66;
18, 0.7697010869565217 1 64;
19, 0.8322010869565217 0 64;
20, 0.8512228260869565 1 66;
21, 0.9137228260869565 0 66;
22, 0.9327445652173914 1 64;
23, 1.000 0 64;
