0, id "0";
1, 0.000 speed 0.6734006734006734;
2, 0.0026936026936026937 1 77;
3, 0.07946127946127945 0 77;
4, 0.09831649831649832 1 76;
5, 0.16094276094276094 0 76;
6, 0.1797979797979798 1 77;
7, 0.2430976430976431 0 77;
8, 0.26195286195286194 1 76;
9, 0.3474747474747475 0 76;
10, 0.34814814814814815 1 76;
11, 0.5164983164983165 0 76;
12, 0.5164983164983165 1 76;
13, 0.6848484848484848 0 76;
14, 0.6848484848484848 1 76;
15, 0.828956228956229 0 76;
16, 0.8511784511784511 1 77;
17, 0.9138047138047138 0 77;
18, 0.9326599326599326 1 76;
19, 1.000 0 76;
