0, id "0";
1, 0.0 speed 0.25;
2, 0.0 1 79;
3, 0.0313 0 79;
4, 0.0313 1 79;
5, 0.0625 0 79;
6, 0.0625 1 79;
7, 0.125 0 79;
8, 0.125 1 0;
9, 0.1875 0 0;
10, 0.1875 1 80;
11, 0.25 0 80;
12, 0.25 1 0;
13, 0.3125 0 0;
14, 0.3125 1 79;
15, 0.3438 0 79;
16, 0.3438 1 79;
17, 0.375 0 79;
18, 0.375 1 79;
19, 0.4375 0 79;
20, 0.4375 1 0;
21, 0.5625 0 0;
22, 0.5625 1 82;
23, 0.625 0 82;
24, 0.625 1 0;
25, 0.6875 0 0;
26, 0.6875 1 79;
27, 0.7188 0 79;
28, 0.7188 1 79;
29, 0.75 0 79;
30, 0.75 1 79;
31, 0.8125 0 79;
32, 0.8125 1 76;
33, 0.875 0 76;
34, 0.875 1 82;
35, 0.9375 0 82;
36, 0.9375 1 0;
37, 1.0 0 0;